epoch,train_loss,train_acc,val_loss,val_acc,test_loss,test_acc,epoch_time_sec,train_accuracy_l1_l2,train_f1_macro_l1_l2,train_accuracy_l2_l3,train_f1_macro_l2_l3,train_accuracy_l3_l4,train_f1_macro_l3_l4,train_accuracy_l4_l5,train_f1_macro_l4_l5,train_accuracy_l5_s1,train_f1_macro_l5_s1,train_accuracy_macro_levels,train_f1_macro_levels,train_accuracy_overall,train_f1_macro_overall,val_accuracy_l1_l2,val_f1_macro_l1_l2,val_accuracy_l2_l3,val_f1_macro_l2_l3,val_accuracy_l3_l4,val_f1_macro_l3_l4,val_accuracy_l4_l5,val_f1_macro_l4_l5,val_accuracy_l5_s1,val_f1_macro_l5_s1,val_accuracy_macro_levels,val_f1_macro_levels,val_accuracy_overall,val_f1_macro_overall,test_accuracy_l1_l2,test_f1_macro_l1_l2,test_accuracy_l2_l3,test_f1_macro_l2_l3,test_accuracy_l3_l4,test_f1_macro_l3_l4,test_accuracy_l4_l5,test_f1_macro_l4_l5,test_accuracy_l5_s1,test_f1_macro_l5_s1,test_accuracy_macro_levels,test_f1_macro_levels,test_accuracy_overall,test_f1_macro_overall
1,1.1172806986843247,0.37846386037677165,1.0617703125394624,0.5772413800502646,1.0643154514217716,0.5580071184346684,4.201220750808716,0.05120481927710843,0.045162902150951804,0.6844879518072289,0.32024561098870313,0.8004518072289156,0.31796667646520027,0.6001506024096386,0.4061354055374395,0.4811746987951807,0.22247129613744812,0.5234939759036144,0.2623963782559486,0.5234939759036145,0.2898655138843149,0.02413793103448276,0.020647695697997508,0.803448275862069,0.3834661354581674,0.8068965517241379,0.2982791586998088,0.6310344827586207,0.44180242385010965,0.6206896551724138,0.2646838252939765,0.5772413793103448,0.28177584780001197,0.5772413793103448,0.31042347941987675,0.046263345195729534,0.042522663536163824,0.7722419928825622,0.338096770732754,0.8042704626334519,0.2971729125575279,0.5622775800711743,0.37217205802564085,0.604982206405694,0.27740511915269195,0.5580071174377224,0.26547390480095573,0.5580071174377225,0.3080497877796017
2,1.0861115642340786,0.4481927770448018,1.0421058309489284,0.6248276182289781,1.0480075650367873,0.5971530382107161,4.221407651901245,0.2161144578313253,0.1467887568803405,0.6453313253012049,0.33909780729105665,0.7213855421686747,0.36768608375071277,0.6129518072289156,0.40071650870785414,0.6295180722891566,0.26613821738630955,0.5650602409638553,0.30408547480325476,0.5650602409638554,0.320416326098329,0.35172413793103446,0.18885268541095743,0.7586206896551724,0.4149565184766712,0.7310344827586207,0.34613175814258756,0.6206896551724138,0.3890711767400174,0.6620689655172414,0.2831022704440426,0.6248275862068965,0.3244228818428553,0.6248275862068966,0.33498630127107837,0.31316725978647686,0.19433032885727716,0.7259786476868327,0.3703703703703704,0.7117437722419929,0.32341132493423785,0.5587188612099644,0.36934325836764864,0.6761565836298933,0.3313818353672072,0.5971530249110322,0.31776742357934823,0.5971530249110321,0.33319087001852976
3,1.0721378541854492,0.4849397690899401,1.0272969994051704,0.6434482761498155,1.0379750011654512,0.6156583665952988,4.263808488845825,0.40286144578313254,0.22997772448451473,0.634789156626506,0.33824880325652823,0.6701807228915663,0.357221690280264,0.608433734939759,0.4399706214155994,0.5813253012048193,0.2792376680642665,0.5795180722891566,0.3289313015002346,0.5795180722891566,0.3406196384658302,0.5586206896551724,0.26608848667672197,0.7517241379310344,0.4210378681626929,0.6862068965517242,0.350997150997151,0.5758620689655173,0.3711748854532489,0.6448275862068965,0.2774216524216524,0.643448275862069,0.3373440087422934,0.643448275862069,0.3510553865338633,0.5088967971530249,0.26583592938733125,0.7295373665480427,0.3649822898860755,0.6654804270462633,0.3323332485803882,0.5266903914590747,0.3911987298858807,0.6476868327402135,0.328207671957672,0.6156583629893239,0.3365115739394695,0.6156583629893239,0.3542831679112342
4,1.0631957772266434,0.49894579778234643,1.0164687551301101,0.6324138143966938,1.0318688370579079,0.6213523247063796,4.203278303146362,0.4871987951807229,0.2598622979454623,0.6242469879518072,0.3286042305575214,0.6204819277108434,0.36637650178926756,0.5873493975903614,0.43844245320372943,0.6762048192771084,0.3023604914613089,0.5990963855421688,0.33912919499145794,0.5990963855421687,0.358991691105699,0.6,0.2747252747252747,0.6896551724137931,0.37838181690956163,0.6275862068965518,0.335042735042735,0.5448275862068965,0.37574638597694743,0.7,0.2849652931620145,0.6324137931034484,0.32977230116330664,0.6324137931034483,0.3515010135634044,0.5836298932384342,0.3027444253859348,0.6761565836298933,0.349121010411333,0.6192170818505338,0.3291814817238546,0.5195729537366548,0.398900252857365,0.708185053380783,0.3423541567318391,0.6213523131672598,0.3444602654220653,0.6213523131672598,0.3732498374348661
5,1.0501340455319508,0.5194277231951794,1.0125397978157833,0.6206896448957508,1.032970218471785,0.6049821996179764,4.176932334899902,0.44879518072289154,0.24953927316300353,0.6099397590361446,0.3469537146320614,0.6091867469879518,0.3910140752284828,0.5444277108433735,0.4260217951181963,0.7424698795180723,0.31373090603403425,0.5909638554216867,0.34545195283515573,0.5909638554216867,0.36547613669563894,0.5413793103448276,0.2537658450806738,0.6551724137931034,0.35536619326093005,0.6310344827586207,0.362979075282498,0.506896551724138,0.39465363883968535,0.7689655172413793,0.31457573206099726,0.6206896551724137,0.33626809690495685,0.6206896551724138,0.36262292198118073,0.5302491103202847,0.2752306676422822,0.6476868327402135,0.35980527409098845,0.608540925266904,0.3457712639176668,0.4697508896797153,0.35881218262642695,0.7686832740213523,0.36515513366685887,0.604982206405694,0.3409549043888447,0.604982206405694,0.36744557992688603
6,1.0369340885116394,0.5332831467490599,1.004635551880146,0.6075861967843155,1.0273687724965324,0.5943060430343465,4.222738981246948,0.4194277108433735,0.22574541837393128,0.5971385542168675,0.34623995114108,0.5926204819277109,0.3881547687724183,0.5376506024096386,0.4306045990111917,0.7996987951807228,0.3193159517802075,0.5893072289156627,0.3420121378157658,0.5893072289156627,0.36778585423814875,0.46206896551724136,0.23075111843654347,0.6379310344827587,0.35332609573489204,0.6241379310344828,0.3724761875359264,0.5103448275862069,0.3925051742041752,0.803448275862069,0.3196581196581197,0.6075862068965517,0.33374333911393134,0.6075862068965517,0.3608296273416643,0.48398576512455516,0.25656565656565655,0.6156583629893239,0.3514111452058946,0.5871886120996441,0.3421399928937618,0.47686832740213525,0.384043837652085,0.8078291814946619,0.35392018524548646,0.594306049822064,0.3376161635125769,0.594306049822064,0.36669168035731353
7,1.026093972734658,0.5471385710210686,0.9957629483321617,0.603448297443061,1.0199401102880565,0.5814946508068207,4.181349515914917,0.3878012048192771,0.21965890395087476,0.5617469879518072,0.3278825325275221,0.5911144578313253,0.3817507779691483,0.5353915662650602,0.4330112128310142,0.8207831325301205,0.3291161616161616,0.5793674698795181,0.3382839177789442,0.579367469879518,0.3619494935234581,0.44482758620689655,0.22444581280788178,0.6137931034482759,0.3567305236270754,0.6241379310344828,0.3725006796993536,0.5206896551724138,0.4052349474095542,0.8137931034482758,0.320387189292543,0.603448275862069,0.3358598305672816,0.603448275862069,0.3626172624222322,0.46619217081850534,0.24877145541129772,0.5622775800711743,0.3278542046303488,0.5729537366548043,0.34045121436232423,0.4875444839857651,0.38397244164941075,0.8185053380782918,0.3502857142857143,0.5814946619217082,0.33026700606781917,0.5814946619217082,0.3581285599300908
8,1.0189796678991203,0.5530120644224695,0.9897268887223869,0.6165517139023748,1.0159811129349408,0.5964413134652949,4.1383185386657715,0.4006024096385542,0.21778748208692464,0.5820783132530121,0.3549219500911865,0.6182228915662651,0.40311997627631846,0.5346385542168675,0.44932519762644607,0.8509036144578314,0.34003823569575314,0.5972891566265062,0.35303856835532577,0.5972891566265061,0.38230819544060873,0.4793103448275862,0.23675113962883745,0.6517241379310345,0.36450549887975253,0.6241379310344828,0.37174064656495687,0.5103448275862069,0.4143333749385705,0.8172413793103448,0.32045647312822884,0.616551724137931,0.34155742662806926,0.616551724137931,0.37127802318862385,0.498220640569395,0.2611111111111111,0.5907473309608541,0.3274189209126333,0.5871886120996441,0.35484081157578196,0.4804270462633452,0.38279985946081113,0.8256227758007118,0.3695076154711298,0.59644128113879,0.3391356637062935,0.59644128113879,0.36599194052950423
9,1.0075331675000938,0.579066285167832,0.9854666479702654,0.6344827902728114,1.011999927805836,0.6064056828352904,4.099873065948486,0.4126506024096386,0.22386468039282473,0.6009036144578314,0.36120501573202235,0.6099397590361446,0.40534466050041235,0.5760542168674698,0.47317071482386036,0.8855421686746988,0.3373976675934507,0.6170180722891566,0.3601965478085141,0.6170180722891566,0.3947275109163622,0.4793103448275862,0.2365999817595588,0.6586206896551724,0.3520229413749254,0.6310344827586207,0.4042925170599369,0.5379310344827586,0.4235313736084152,0.8655172413793103,0.342547928262214,0.6344827586206897,0.35179894841301007,0.6344827586206897,0.38364221296891876,0.4626334519572954,0.24452517091023615,0.6014234875444839,0.3540129383359978,0.594306049822064,0.34023809523809523,0.501779359430605,0.3878875968992248,0.8718861209964412,0.37263476578925236,0.606405693950178,0.3398597134345613,0.606405693950178,0.3671212977026566
10,0.9988313611731472,0.5879518167082086,0.975422664346366,0.6455172310615408,1.0016124023661495,0.6234875442294464,4.11571741104126,0.4382530120481928,0.2312083229114332,0.641566265060241,0.3848951467052734,0.6272590361445783,0.39554223903895047,0.5609939759036144,0.45595132100707403,0.8938253012048193,0.33100119845819975,0.6323795180722892,0.3597196456241861,0.6323795180722892,0.39834275027852933,0.5,0.24412035649674246,0.6827586206896552,0.3589112313633353,0.6275862068965518,0.400011607159728,0.5379310344827586,0.4048989432645942,0.8793103448275862,0.3119266055045872,0.6455172413793104,0.34397374875779746,0.6455172413793103,0.3783402151974779,0.4875444839857651,0.2546738165098423,0.6263345195729537,0.372761912698405,0.604982206405694,0.35376775452672665,0.5124555160142349,0.3910904569993321,0.8861209964412812,0.35000835421888055,0.6234875444839858,0.3444604589906373,0.6234875444839858,0.37698202079392823
11,0.9903453265328005,0.6087349689150431,0.9693684158654049,0.6524138142322672,0.9953295217290044,0.6341637131158143,4.0870513916015625,0.49096385542168675,0.24950300824106378,0.651355421686747,0.3860960149151587,0.625,0.4017701345401798,0.5677710843373494,0.46925961576069897,0.9006024096385542,0.36299638279468427,0.6471385542168674,0.37392503125035714,0.6471385542168675,0.4090199026443439,0.5413793103448276,0.25440698631206565,0.6896551724137931,0.36643372877995845,0.6206896551724138,0.39019847547821085,0.5206896551724138,0.4042050040355125,0.8896551724137931,0.31386861313868614,0.6524137931034483,0.3458225615488867,0.6524137931034483,0.3828548591131519,0.5622775800711743,0.2788733604620474,0.6334519572953736,0.38313277283042124,0.5871886120996441,0.341792921608542,0.4875444839857651,0.36863861798473696,0.900355871886121,0.35924700693131695,0.6341637010676157,0.3463369359634129,0.6341637010676157,0.37599729362824674
12,0.9818882202527609,0.6250000150806932,0.9677168311743901,0.6620689762049707,0.9923910992849764,0.6327402175957622,4.098747253417969,0.5301204819277109,0.26373020143746845,0.6506024096385542,0.3844423428489647,0.6121987951807228,0.3986717639227138,0.5625,0.4603943640612204,0.9194277108433735,0.34597457071700094,0.6549698795180723,0.3706426485974737,0.6549698795180723,0.40735552818534365,0.5758620689655173,0.2604532356901086,0.6827586206896552,0.3633600910488782,0.6172413793103448,0.3846429199226553,0.5310344827586206,0.4243336596122906,0.903448275862069,0.3534006734006734,0.6620689655172415,0.3572381159349212,0.6620689655172414,0.3917203826597564,0.5871886120996441,0.2886254215905873,0.6120996441281139,0.35852118676534533,0.5800711743772242,0.3391294699658575,0.4804270462633452,0.39014847267859315,0.9039145907473309,0.31769856160100063,0.6327402135231317,0.3388246225202768,0.6327402135231317,0.38016335238004073
13,0.975044789084469,0.6322289188224149,0.9581629720227471,0.6655172625492359,0.9811142464549516,0.6362989364569722,4.143733024597168,0.5662650602409639,0.27054703099806726,0.6378012048192772,0.36515109422867614,0.6370481927710844,0.41019846269850047,0.5617469879518072,0.4717415944004761,0.9284638554216867,0.3403982672200676,0.6662650602409639,0.37160728990915753,0.6662650602409639,0.41087234997555006,0.6241379310344828,0.275530265271086,0.6724137931034483,0.3583055638983043,0.6206896551724138,0.3911486916302454,0.5206896551724138,0.41857169276524114,0.8896551724137931,0.3471306471306472,0.6655172413793103,0.35813737213910485,0.6655172413793103,0.3949467939511028,0.6120996441281139,0.29265191965420795,0.608540925266904,0.34926694881111797,0.5907473309608541,0.3436504625490859,0.4804270462633452,0.3891714521659379,0.8896797153024911,0.3156565656565657,0.6362989323843417,0.3380794697673831,0.6362989323843417,0.3759212199393574
14,0.9629637965236801,0.6379518264747528,0.9414068674219066,0.6931034694457876,0.9653371860972503,0.6498220963834443,4.058125734329224,0.6483433734939759,0.3089963780263785,0.6438253012048193,0.38923003995876243,0.6280120481927711,0.3893256250998505,0.5670180722891566,0.4670392650803917,0.9337349397590361,0.3431824891052359,0.6841867469879518,0.3795547594541238,0.6841867469879518,0.4182265086736951,0.7,0.29872361315660284,0.6793103448275862,0.35352092219255987,0.6379310344827587,0.3990272437477406,0.5517241379310345,0.43350688674716586,0.896551724137931,0.3521221951878886,0.6931034482758622,0.3673801722063915,0.6931034482758621,0.4057980977320967,0.6370106761565836,0.3040098922451864,0.6227758007117438,0.3458708024166932,0.6014234875444839,0.3555803383300223,0.49466192170818507,0.3956750981348571,0.8932384341637011,0.31572327044025156,0.6498220640569394,0.3433718803134021,0.6498220640569395,0.3804214975935139
15,0.9588637438165136,0.6454819383391415,0.943632984161377,0.6875862384664602,0.9684517018735621,0.6469750930406021,4.1030707359313965,0.6475903614457831,0.3088987522659678,0.634789156626506,0.38773640364802914,0.6408132530120482,0.422663167648577,0.5715361445783133,0.46947864991536287,0.9254518072289156,0.347794490118478,0.6840361445783133,0.38731429271928297,0.6840361445783133,0.43040789649316585,0.6931034482758621,0.29601919819311123,0.6793103448275862,0.3637075726295694,0.6275862068965518,0.39898659522993696,0.5379310344827586,0.43162082950825753,0.9,0.3549412479017107,0.6875862068965517,0.36905508869251713,0.6875862068965517,0.4064825596431041,0.6441281138790036,0.3052594639645567,0.597864768683274,0.3437140556705774,0.5907473309608541,0.3457120768678558,0.498220640569395,0.4070318769924561,0.9039145907473309,0.3562582927908005,0.6469750889679716,0.3515951532572493,0.6469750889679715,0.3868058029181822
16,0.9488897668309959,0.6608433924525617,0.9446680767782804,0.6951724381282411,0.9680397648404078,0.64982206668718,4.147815227508545,0.670933734939759,0.3080522035588435,0.6257530120481928,0.37261341402907666,0.6302710843373494,0.4158250838636873,0.5963855421686747,0.4929315235819214,0.9269578313253012,0.339851586680091,0.6900602409638554,0.385854762342724,0.6900602409638554,0.4334868269986228,0.7068965517241379,0.300332453309866,0.6758620689655173,0.3614400366674926,0.6310344827586207,0.4126959679159505,0.5586206896551724,0.45864848011240306,0.903448275862069,0.3164251207729469,0.6951724137931035,0.3699084117557318,0.6951724137931035,0.4188557353116147,0.6405693950177936,0.3085727236670633,0.604982206405694,0.34704005671747606,0.594306049822064,0.34621015154709195,0.501779359430605,0.4040750377706899,0.9074733096085409,0.3177570093457944,0.6498220640569395,0.3447309958096231,0.6498220640569395,0.3868975468975469
17,0.9430009320557836,0.668222894869655,0.9370231102252828,0.7034483071031241,0.9600642043500608,0.6612099981817062,4.097037315368652,0.677710843373494,0.30528163975554906,0.6310240963855421,0.3927113977188094,0.6332831325301205,0.4108906163869248,0.5820783132530121,0.46769625248905733,0.9359939759036144,0.3535371994801819,0.6920180722891567,0.38602342116610455,0.6920180722891566,0.4301580784126435,0.7413793103448276,0.31034693006523995,0.6517241379310345,0.332708627778835,0.6448275862068965,0.42782403257418067,0.5689655172413793,0.435075161059413,0.9103448275862069,0.3176895306859206,0.703448275862069,0.36472885643271785,0.7034482758620689,0.41101672958768226,0.6832740213523132,0.31167048054919905,0.6014234875444839,0.34532436162870944,0.6014234875444839,0.34893933562478135,0.505338078291815,0.39273995312410676,0.9145907473309609,0.3184634448574969,0.6612099644128113,0.34342751515685865,0.6612099644128114,0.3843102224054605
18,0.9373846628579748,0.6725903821278767,0.941078858539976,0.7013793452032682,0.963153042190864,0.6604982459672405,4.147980213165283,0.6882530120481928,0.3296815764721865,0.6362951807228916,0.3777387019637637,0.6393072289156626,0.42037152879242584,0.5835843373493976,0.4626954577396229,0.9329819277108434,0.34196037629514026,0.6960843373493977,0.38648952825262783,0.6960843373493976,0.4286756989009503,0.7206896551724138,0.3043926479092806,0.6586206896551724,0.3357272798479347,0.6482758620689655,0.4117212939000005,0.5724137931034483,0.4498297688241822,0.906896551724138,0.31705846895720313,0.7013793103448276,0.3637458918877202,0.7013793103448276,0.411118287025392,0.6797153024911032,0.3103667392883079,0.6014234875444839,0.34748134119532753,0.6120996441281139,0.3774616547798297,0.49466192170818507,0.3843694796788409,0.9145907473309609,0.3184634448574969,0.6604982206405694,0.3476285319599605,0.6604982206405694,0.3899900952141299
19,0.9304072555289211,0.6759036197719803,0.9299881746029032,0.7096551932137588,0.9529099305329374,0.6640569718282842,4.084740161895752,0.6859939759036144,0.3123567773605446,0.6445783132530121,0.38109081553595514,0.6468373493975904,0.42221018801961957,0.6069277108433735,0.487426366001152,0.9420180722891566,0.3562705555413916,0.7052710843373494,0.3918709404917326,0.7052710843373494,0.43906213901443086,0.7344827586206897,0.3094949494949495,0.6862068965517242,0.3463153704533015,0.6482758620689655,0.40791623070621535,0.5724137931034483,0.4394808690388801,0.906896551724138,0.31705846895720313,0.7096551724137932,0.3640531777301099,0.7096551724137931,0.41053557384077055,0.6868327402135231,0.31927531246416696,0.6120996441281139,0.3289233529732342,0.608540925266904,0.36776526379876495,0.498220640569395,0.37908008792667247,0.9145907473309609,0.3184634448574969,0.6640569395017794,0.3427014924040671,0.6640569395017794,0.38368919683487857
20,0.9208589081304619,0.688253027128886,0.9214101084347429,0.7248275999365181,0.9443981874455761,0.6747330987156498,4.114084959030151,0.7093373493975904,0.3197463768115942,0.6671686746987951,0.3955998848535023,0.6551204819277109,0.43487986448006,0.6046686746987951,0.48879611444888976,0.9397590361445783,0.3444706433217947,0.715210843373494,0.3966985767831682,0.7152108433734939,0.4456406845064769,0.7551724137931034,0.3164106569469756,0.7172413793103448,0.36962585776632134,0.6551724137931034,0.4118032677781105,0.5862068965517241,0.46885393868540454,0.9103448275862069,0.3176895306859206,0.7248275862068965,0.37687665037254653,0.7248275862068966,0.4294286691758656,0.708185053380783,0.3214944990031751,0.6405693950177936,0.35573981475620825,0.604982206405694,0.37168105813218166,0.505338078291815,0.3996057863754629,0.9145907473309609,0.3184634448574969,0.6747330960854093,0.35339692062490496,0.6747330960854092,0.39655948425933524
21,0.9178234152047031,0.6992469925478281,0.9095773400931523,0.7296552037370616,0.9333740566124695,0.6832740145645956,4.117455720901489,0.7371987951807228,0.3289725469392395,0.6980421686746988,0.4111782953888217,0.6626506024096386,0.4238549028592498,0.6091867469879518,0.4915479518795631,0.9420180722891566,0.34596456584937746,0.7298192771084338,0.4003036525832503,0.7298192771084338,0.4493674085789558,0.7827586206896552,0.3255973427622415,0.7275862068965517,0.383921164074339,0.6448275862068965,0.4085639255917894,0.5827586206896552,0.4624542124542124,0.9103448275862069,0.3176895306859206,0.7296551724137932,0.37964523511370063,0.7296551724137931,0.43113627625681294,0.7295373665480427,0.31555446649786273,0.6619217081850534,0.3568402923241633,0.597864768683274,0.3483321793318332,0.5088967971530249,0.4059492970563751,0.9181494661921709,0.31910946196660483,0.6832740213523131,0.34915713943536786,0.6832740213523132,0.39129469383636334
22,0.9138363068362316,0.7039156735661518,0.9099080324172973,0.728275882786718,0.9323874917743045,0.6797153027032193,4.1521031856536865,0.7575301204819277,0.35113781120123955,0.6965361445783133,0.4115236265030138,0.6400602409638554,0.4063694385912135,0.5918674698795181,0.481438830383677,0.9412650602409639,0.35263623334248156,0.7254518072289157,0.4006211880043251,0.7254518072289157,0.4460073052469076,0.8068965517241379,0.3342359767891683,0.7241379310344828,0.3824136648793887,0.6344827586206897,0.4069916883545723,0.5586206896551724,0.44484515567661637,0.9172413793103448,0.31894484412470026,0.7282758620689654,0.3774862659648892,0.7282758620689656,0.42785706893290576,0.7259786476868327,0.32155414908579466,0.6619217081850534,0.3572705823401143,0.5907473309608541,0.33887262676968627,0.501779359430605,0.41030932600163367,0.9181494661921709,0.31970260223048325,0.6797153024911031,0.34954185728554243,0.6797153024911032,0.3933613305153592
23,0.9071232310260635,0.7058735015880631,0.9103275508716189,0.7324138242622902,0.9317658755702904,0.6854092746018515,4.146950006484985,0.7469879518072289,0.32329018321048847,0.6942771084337349,0.40413281927207706,0.6475903614457831,0.40252989343856815,0.6076807228915663,0.5020589731724555,0.9480421686746988,0.34794642169586115,0.7289156626506024,0.39599165815789006,0.7289156626506024,0.45252944387629285,0.8275862068965517,0.34291957700862374,0.7241379310344828,0.39177304964539,0.6275862068965518,0.3952672033969307,0.5620689655172414,0.45172701592193115,0.9206896551724137,0.31956912028725315,0.7324137931034482,0.3802511932520257,0.7324137931034482,0.4352892590473356,0.7473309608540926,0.32145360844275184,0.6654804270462633,0.3757224492212945,0.5836298932384342,0.3360957768819735,0.498220640569395,0.40620263170130655,0.9323843416370107,0.32226322263222634,0.6854092526690392,0.35234753777591055,0.6854092526690392,0.3991387233469896
24,0.9017931050564869,0.7081325499408216,0.9036873965427793,0.7400000346118006,0.9240241037993244,0.7024911359960074,4.1371986865997314,0.7876506024096386,0.3331533498798785,0.7183734939759037,0.4203013535319764,0.6506024096385542,0.4263220706142125,0.6212349397590361,0.49840218721449653,0.9487951807228916,0.34880382775119617,0.7453313253012048,0.40539655779835204,0.7453313253012048,0.4649175068437803,0.8310344827586207,0.34337794773741237,0.7241379310344828,0.3998495594240275,0.6413793103448275,0.4057984871664117,0.5862068965517241,0.4721763085399449,0.9172413793103448,0.31894484412470026,0.74,0.3880294293984993,0.74,0.44565070651526195,0.7722419928825622,0.3208665062025551,0.6903914590747331,0.387549705196764,0.597864768683274,0.3525763739331578,0.5160142348754448,0.39951220798396875,0.9359430604982206,0.32230392156862747,0.702491103202847,0.3565617429770146,0.702491103202847,0.4042644663044243
25,0.8942186157387423,0.7243975989789848,0.8994195646253126,0.7524137924457418,0.9213144554362178,0.7131672855798036,4.148074388504028,0.7823795180722891,0.33289363589503845,0.7168674698795181,0.4176563033678322,0.6686746987951807,0.4351041608788575,0.6287650602409639,0.5086378636201325,0.9457831325301205,0.3501747986016112,0.7484939759036144,0.40889335247269437,0.7484939759036144,0.46801773152103704,0.8413793103448276,0.34873737373737373,0.7379310344827587,0.39925002258968106,0.6551724137931034,0.42128650983066257,0.6103448275862069,0.48470504483828475,0.9172413793103448,0.31894484412470026,0.7524137931034482,0.3945847590241405,0.7524137931034482,0.4537364263813999,0.7829181494661922,0.3245935351198509,0.708185053380783,0.3877201188641866,0.604982206405694,0.3603110087214086,0.5373665480427047,0.4102963702963703,0.9323843416370107,0.32166973603437693,0.7131672597864769,0.3609181538072387,0.7131672597864769,0.40751387205450645
26,0.8897954361984529,0.7296686840344624,0.8940309405326843,0.7606896684087556,0.9175121531791959,0.7110320622386457,4.0670952796936035,0.7989457831325302,0.33964885121973243,0.7191265060240963,0.4037934667774709,0.6649096385542169,0.4361592389522986,0.6159638554216867,0.4910242448190232,0.9503012048192772,0.3495173441035777,0.7498493975903615,0.40402862917442056,0.7498493975903614,0.46102952330435204,0.8413793103448276,0.34777119016249447,0.7655172413793103,0.4281167746800076,0.6551724137931034,0.43530412720033973,0.6137931034482759,0.4869613230800458,0.9275862068965517,0.3208109719737627,0.7606896551724138,0.40379287741933007,0.7606896551724138,0.46430540391989705,0.7793594306049823,0.31341991341991343,0.7046263345195729,0.3751187530378684,0.594306049822064,0.3411988304093567,0.5373665480427047,0.4096424765210734,0.9395017793594306,0.3229357798165138,0.7110320284697509,0.35246315064094513,0.7110320284697509,0.39757316934144077
27,0.8871109772877521,0.7299699036471815,0.8866499062242179,0.7600000237596446,0.910493417142549,0.7131672609743275,4.095399379730225,0.8253012048192772,0.35056023248577656,0.7055722891566265,0.39419504601262084,0.6739457831325302,0.4487095786268203,0.6159638554216867,0.4788906618623769,0.9548192771084337,0.33951212199091924,0.7551204819277108,0.40237352819570277,0.7551204819277109,0.45775064542088817,0.8517241379310345,0.3517947839981739,0.7724137931034483,0.44265223428471995,0.6379310344827587,0.4124910290173868,0.6103448275862069,0.4855373769335744,0.9275862068965517,0.3208109719737627,0.76,0.40265727924152356,0.76,0.4623334329943727,0.797153024911032,0.3297483720191501,0.6903914590747331,0.3588867535055876,0.5907473309608541,0.33997962195207637,0.5480427046263345,0.4211952138461325,0.9395017793594306,0.3229357798165138,0.7131672597864769,0.3545491482278921,0.7131672597864769,0.401653149193208
28,0.8809207598847079,0.7387048243040062,0.8851891998586984,0.7593103334821504,0.9086950245276889,0.7160142346209054,4.151028394699097,0.829066265060241,0.334020019544146,0.713855421686747,0.40471508304467957,0.6536144578313253,0.419164840566057,0.6362951807228916,0.5057721668284639,0.9510542168674698,0.35162479061976554,0.756777108433735,0.40305938012062237,0.7567771084337349,0.4630831888103621,0.8620689655172413,0.3426457456308203,0.7586206896551724,0.42439362439362444,0.6344827586206897,0.410860741993659,0.6137931034482759,0.4703705588424087,0.9275862068965517,0.3208109719737627,0.7593103448275862,0.393816328566855,0.7593103448275862,0.4508290310696552,0.8220640569395018,0.3394516374714394,0.6761565836298933,0.33222703222703226,0.5907473309608541,0.33997962195207637,0.5516014234875445,0.41698752183885207,0.9395017793594306,0.3229357798165138,0.7160142348754449,0.3503163186611828,0.7160142348754448,0.39498131314612156
29,0.8764377243547554,0.7439759172588946,0.8756581688749379,0.7648276065957957,0.8998461838718835,0.7259786408991152,4.1360251903533936,0.8516566265060241,0.35818279320308305,0.7289156626506024,0.4121461475189039,0.6641566265060241,0.42235979661926204,0.6430722891566265,0.5069127011266894,0.9533132530120482,0.36308360794377537,0.7682228915662652,0.4125370092823427,0.7682228915662651,0.4716849157723187,0.8620689655172413,0.3426457456308203,0.7689655172413793,0.4314836678473042,0.6517241379310345,0.41558441558441556,0.6137931034482759,0.4776805945798966,0.9275862068965517,0.3208109719737627,0.7648275862068965,0.3976410791232398,0.7648275862068965,0.4546656871539718,0.8291814946619217,0.34243261012491777,0.701067615658363,0.3752803124033406,0.608540925266904,0.35701464883330436,0.5480427046263345,0.4159584919233185,0.9430604982206405,0.3235653235653236,0.7259786476868328,0.36285027737004094,0.7259786476868327,0.4090901044432642
30,0.8737772107124329,0.7418674884072269,0.873022332684747,0.7682758964341262,0.8964106099037089,0.7209964439113793,4.111982583999634,0.8411144578313253,0.34975954801753223,0.7447289156626506,0.4328326835472948,0.6814759036144579,0.4444573998671952,0.6272590361445783,0.49498935732058796,0.9510542168674698,0.33803648921909435,0.7691265060240964,0.41201509559434085,0.7691265060240964,0.47506739289060196,0.8655172413793103,0.34421248652357156,0.7689655172413793,0.41688534832864726,0.6655172413793103,0.4215810768751946,0.6137931034482759,0.48742104976723516,0.9275862068965517,0.3208109719737627,0.7682758620689655,0.3981821866936822,0.7682758620689655,0.4595432023399513,0.8185053380782918,0.33730158730158727,0.693950177935943,0.36130563336445687,0.6120996441281139,0.3636045600261035,0.5373665480427047,0.40624159268227067,0.9430604982206405,0.3235653235653236,0.7209964412811388,0.35840373938794834,0.7209964412811388,0.4050555949948094
31,0.8702840359814196,0.7481927807072559,0.8729201859441297,0.7703448164051977,0.8936880835434721,0.7323843773149511,4.065933465957642,0.8509036144578314,0.3607191233584135,0.7552710843373494,0.42925377389674274,0.6799698795180723,0.442132114165905,0.6430722891566265,0.5105686241680331,0.9518072289156626,0.3381684205213617,0.7762048192771084,0.4161684112220912,0.7762048192771084,0.48257248054906005,0.8655172413793103,0.35903426791277254,0.7827586206896552,0.4262041486490194,0.6689655172413793,0.41909630771740475,0.6103448275862069,0.48526110145963947,0.9241379310344827,0.3201911589008363,0.770344827586207,0.40195739692793453,0.7703448275862069,0.4628930285916432,0.8291814946619217,0.3416482963994276,0.7117437722419929,0.3902947845804989,0.6370106761565836,0.38525410164065627,0.5409252669039146,0.4293086510450377,0.9430604982206405,0.3235653235653236,0.7323843416370106,0.37401423144618884,0.7323843416370107,0.4282333202687185
32,0.8685566926577005,0.7475903680525631,0.8713160239416977,0.7655172619326361,0.891806375937954,0.735943096176161,4.226674556732178,0.8433734939759037,0.35217891175003807,0.7567771084337349,0.4084765654363398,0.6867469879518072,0.4380743476723696,0.6393072289156626,0.518838827757926,0.9480421686746988,0.34958619127970253,0.7748493975903614,0.41343096877927527,0.7748493975903614,0.4788712878590984,0.8551724137931035,0.35352917176662585,0.7793103448275862,0.41612443903686264,0.6724137931034483,0.4211380114345074,0.596551724137931,0.4675064710957722,0.9241379310344827,0.3201911589008363,0.7655172413793104,0.3956978504469209,0.7655172413793103,0.45446347251732805,0.8327402135231317,0.3431496062992126,0.7330960854092526,0.4015382659547419,0.6441281138790036,0.3887206983260074,0.5373665480427047,0.42252442099624526,0.9323843416370107,0.32166973603437693,0.7359430604982207,0.37552054552211683,0.7359430604982207,0.4279899939747693
33,0.8691490651613258,0.7533132584698229,0.8717669881623367,0.7655172409682438,0.8927297063993813,0.7352313089625266,4.18967604637146,0.8328313253012049,0.3384348468069398,0.7582831325301205,0.4289494260047852,0.6987951807228916,0.44339397283853116,0.6310240963855421,0.5188233614147509,0.9503012048192772,0.3495173441035777,0.7742469879518074,0.415823790233717,0.7742469879518072,0.4827349885189666,0.8586206896551725,0.34112149532710284,0.7758620689655172,0.4115274525110591,0.6862068965517242,0.4243194192377496,0.5827586206896552,0.4604696442633827,0.9241379310344827,0.3201911589008363,0.7655172413793104,0.3915258340480261,0.7655172413793103,0.4506247989603713,0.8256227758007118,0.328503937007874,0.7295373665480427,0.4080641528134432,0.6476868327402135,0.3847625379347732,0.5373665480427047,0.4273462956995023,0.9359430604982206,0.388929889298893,0.7352313167259786,0.38752136255089714,0.7352313167259786,0.4297524141109343
34,0.86245019751859,0.748795188335051,0.8721534770110558,0.769655182443816,0.8940890178985867,0.735231350961529,4.242508411407471,0.8381024096385542,0.33271474281061447,0.7492469879518072,0.4200155903339929,0.6920180722891566,0.44890654213628683,0.6355421686746988,0.5085455486542444,0.9533132530120482,0.3645634451616813,0.7736445783132531,0.41494917381936397,0.7736445783132531,0.47606067313146877,0.8689655172413793,0.34682638028362933,0.7758620689655172,0.41110820209180865,0.6793103448275862,0.41940705187146765,0.6,0.4818818268713642,0.9241379310344827,0.3201911589008363,0.7696551724137931,0.39588292400382125,0.7696551724137931,0.45855063220806586,0.8362989323843416,0.3323479202231752,0.7259786476868327,0.3972641383496674,0.6476868327402135,0.3847625379347732,0.5338078291814946,0.4204819402076681,0.9323843416370107,0.32166973603437693,0.7352313167259786,0.3713052545499322,0.7352313167259786,0.42439798042310395
35,0.8585141401693045,0.7629518178572138,0.8655926967489308,0.7724137820046524,0.8884441031679988,0.7380782949118427,4.186293601989746,0.8569277108433735,0.36536771087035635,0.7605421686746988,0.43574969982498946,0.6905120481927711,0.4551215353875386,0.6355421686746988,0.5125639675608789,0.9487951807228916,0.3373887004977492,0.7784638554216867,0.42123832282830254,0.7784638554216867,0.48899872415752094,0.8758620689655172,0.35032679738562095,0.7793103448275862,0.41494597839135655,0.6793103448275862,0.41878009485536366,0.603448275862069,0.47427328002665337,0.9241379310344827,0.3201911589008363,0.7724137931034483,0.3957034619119662,0.7724137931034483,0.4567044423306738,0.8362989323843416,0.3323479202231752,0.7259786476868327,0.4069671250782682,0.6512455516014235,0.4046785681331863,0.5373665480427047,0.4163368573235746,0.9395017793594306,0.3229357798165138,0.7380782918149466,0.37665325011494366,0.7380782918149467,0.4309969033578593
36,0.8578770885984581,0.7575301348444927,0.8613455443546689,0.7744827825447609,0.8829996443728111,0.7473309733689467,4.1962549686431885,0.8621987951807228,0.3663992474297885,0.7718373493975904,0.4192059759415602,0.697289156626506,0.4488931949948465,0.6393072289156626,0.5072260768751731,0.9510542168674698,0.3492005481955231,0.7843373493975904,0.4181850086873783,0.7843373493975904,0.48295620555300384,0.8724137931034482,0.3474884903456332,0.7793103448275862,0.4064670847193191,0.6758620689655173,0.42069044458757543,0.6206896551724138,0.4849088860395539,0.9241379310344827,0.3201911589008363,0.7744827586206896,0.3959492129185836,0.7744827586206896,0.45737155158333015,0.8291814946619217,0.3297649118586531,0.7758007117437722,0.43604548822076367,0.6476868327402135,0.4020424836601307,0.5516014234875445,0.4237610851123506,0.9323843416370107,0.32166973603437693,0.7473309608540925,0.382656740977255,0.7473309608540926,0.4348317106893013
37,0.8601772806730615,0.7570783158382738,0.8641739097134821,0.7765517374564861,0.8858769765103839,0.7451957326342626,4.2222161293029785,0.8433734939759037,0.3464993804213135,0.7718373493975904,0.431920634579907,0.7003012048192772,0.46080637738865454,0.641566265060241,0.5028970234371413,0.9495481927710844,0.3591698150150631,0.7813253012048194,0.42025864616841585,0.7813253012048192,0.48332327295338434,0.8724137931034482,0.3474884903456332,0.7827586206896552,0.417960088691796,0.6758620689655173,0.4310766825240288,0.6275862068965518,0.48953400475777586,0.9241379310344827,0.3201911589008363,0.776551724137931,0.40125008504401405,0.776551724137931,0.46399240756803256,0.8362989323843416,0.34468011173035024,0.7580071174377224,0.424963924963925,0.6441281138790036,0.39178535853352475,0.5551601423487544,0.42514301342388955,0.9323843416370107,0.32166973603437693,0.7451957295373666,0.3816484289372133,0.7451957295373666,0.43314464239669476
38,0.8568232827875988,0.7635542305119066,0.8667589808332509,0.7758620611552535,0.8876420598861585,0.7459074778488947,4.2271833419799805,0.8381024096385542,0.34184843935513626,0.7635542168674698,0.4255608101399817,0.7010542168674698,0.44744051288864,0.6393072289156626,0.5102012477263258,0.947289156626506,0.3468952811073622,0.7778614457831325,0.41438925824348916,0.7778614457831325,0.47987600250616547,0.8689655172413793,0.3609835438193647,0.7862068965517242,0.42060437027475567,0.6758620689655173,0.4310766825240288,0.6241379310344828,0.4844146250264292,0.9241379310344827,0.3201911589008363,0.7758620689655171,0.4034540761090829,0.7758620689655172,0.46482136410036784,0.8291814946619217,0.34243261012491777,0.7686832740213523,0.4414042186095113,0.6405693950177936,0.39022266222992236,0.5551601423487544,0.42290370268504834,0.9359430604982206,0.32230392156862747,0.7459074733096085,0.3838534230436054,0.7459074733096085,0.4353856338960609
39,0.8565663623522564,0.7615963960268411,0.8681993796907622,0.7724138239334369,0.8897325180179284,0.7395017800382023,4.1609578132629395,0.8644578313253012,0.3691734872058597,0.7778614457831325,0.44658501760766484,0.6837349397590361,0.44882131739187137,0.6453313253012049,0.5218393420684465,0.9480421686746988,0.337256360660616,0.7838855421686747,0.4247351049868917,0.7838855421686747,0.4941884585246498,0.8689655172413793,0.3458253792826283,0.7827586206896552,0.4286700075034838,0.6724137931034483,0.4290024416496003,0.6137931034482759,0.4748187533604867,0.9241379310344827,0.3201911589008363,0.7724137931034483,0.39970154813940706,0.7724137931034483,0.46067669042540277,0.8398576512455516,0.34712835488805455,0.7473309608540926,0.42736611147751047,0.6370106761565836,0.3972806984627315,0.5409252669039146,0.4152068052777273,0.9323843416370107,0.32166973603437693,0.7395017793594306,0.3817303412280802,0.7395017793594306,0.43309796203755996
40,0.8560639871172158,0.7698795364563724,0.869004789303089,0.7703448373695899,0.8907315484993823,0.7416370453783626,4.219447135925293,0.858433734939759,0.3514225688138732,0.7778614457831325,0.42700784272928827,0.6822289156626506,0.4413595014926728,0.6423192771084337,0.5138464350981441,0.9533132530120482,0.33869341563786004,0.7828313253012048,0.4144659527543677,0.7828313253012048,0.48319761825321034,0.8689655172413793,0.3458253792826283,0.7793103448275862,0.3885437054434599,0.6758620689655173,0.43987946592082044,0.603448275862069,0.4718525680466438,0.9241379310344827,0.3201911589008363,0.7703448275862069,0.3932584555188778,0.7703448275862069,0.4596550924275193,0.8398576512455516,0.34712835488805455,0.7686832740213523,0.44085539823480785,0.6334519572953736,0.39530668492381155,0.5302491103202847,0.405227775625296,0.9359430604982206,0.32230392156862747,0.7416370106761565,0.3821644270481195,0.7416370106761566,0.4337387533036634
41,0.8536098987223154,0.7602409806596228,0.8682330645363906,0.7710345136708227,0.8909874441784896,0.7409252931638969,4.218083143234253,0.8546686746987951,0.3519866044326226,0.7612951807228916,0.43277991910286245,0.6935240963855421,0.44892813273581406,0.6408132530120482,0.5089222081775302,0.9518072289156626,0.3385554268057165,0.780421686746988,0.41623445825090916,0.780421686746988,0.4833863123587307,0.8689655172413793,0.3458253792826283,0.7758620689655172,0.3965834301200155,0.6758620689655173,0.43987946592082044,0.6103448275862069,0.4812669340761082,0.9241379310344827,0.3201911589008363,0.7710344827586207,0.3967492736600818,0.7710344827586207,0.4621323111569729,0.8469750889679716,0.3498375568551007,0.7473309608540926,0.4094555199761274,0.6370106761565836,0.3970113157706861,0.5373665480427047,0.4163368573235746,0.9359430604982206,0.32230392156862747,0.7409252669039146,0.37898903429882325,0.7409252669039146,0.4325772836136759
